Circuit delay: 62.49872 ps

Gate slacks:
INPUT-1: 31.58445 ps
INPUT-2: 25.57017 ps
INPUT-3: 6.24987 ps
INPUT-6: 6.24987 ps
INPUT-7: 31.05736 ps
NAND-10: 31.58445 ps
NAND-11: 6.24987 ps
NAND-16: 6.24987 ps
NAND-19: 11.87888 ps
NAND-22: 6.24987 ps
NAND-23: 6.24987 ps
OUTPUT-22: 6.24987 ps
OUTPUT-23: 6.24987 ps

Critical path:
INPUT-3,NAND-11,NAND-16,NAND-22,OUTPUT-22